10
12
20
30
15
05
95
14
18
25
19
11
50
60
13
17
16
24
40
100
21
22
35
23
001
36
28
27
45
26
29
80
01
90
32
75
31
65
48
70
33
37
34
42
67
55
56
38
43
52
46
41
44
39
2015
2016
47
64
2014
51
62
68
85
2013
2017
58
54
63
61
53
72
59
73
57
2018
78
76
74
49
66
86
69
84
2010
2012
000
71
77
83
82
02
92
2019
87
81
79
2011
93
98
94
88
89
96
0001
2009
91
200
97
03
04
99
2020
1000
500
2008
120
00
2000
150
2005
06
2006
2007
09
110
300
2003
08
07
400
250
2001
005
104
102
002
2004
125
004
109
003
130
140
108
103
112
180
2002
106
105
101
107
160
170
115
119
118
116
113
1990
124
134
114
117
127
111
009
122
240
128
600
008
006
136
123
190
148
155
132
121
1999
1995
007
220
1997
142
131
153
126
174
225
158
152
1994
156
168
210
133
137
1998
016
129
147
145
138
320
039
2030
023
157
144
211
146
181
166
1200
165
1980
135
231
143
172
151
139
021
350
2021
025
162
1991
011
014
310
164
189
800
260
0005
196
0002
214
033
161
012
175
230
173
193
013
1996
900
223
167
141
330
182
266
360
163
018
019
280
197
177
450
242
208
045
226
186
183
192
270
215
035
026
000001
171
00001
041
1500
206
380
191
227
212
194
312
325
204
178
015
017
308
219
635
238
285
198
228
311
201
037
049
034
176
274
149
700
010
199
1993
346
237
267
169
218
217
0004
249
042
236
028
046
195
205
264
245
020
179
202
265
234
386
232
159
184
047
216
286
1963
187
207
044
5000
036
243
490
235
377
239
315
272
203
252
3000
251
288
398
038
322
043
281
504
292
303
367
374
430
508
032
317
1992
470
241
248
383
299
188
224
0003
024
154
301
256
408
185
287
511
318
413
257
1914
063
304
262
750
342
530
246
1960
258
284
640
364
282
445
480
067
302
491
247
521
375
376
298
675
1985
1979
366
499
345
328
271
348
336
1984
297
293
427
736
022
253
520
259
055
213
525
396
2025
222
460
324
229
294
405
590
381
365
290
340
305
503
277
1970
680
050
391
335
390
316
422
1987
884
279
255
970
351
296
254
244
275
369
344
209
276
0000
850
221
433
810
401
326
027
1965
437
516
472
354
581
813
057
650
1988
1973
485
357
368
487
4000
370
577
425
048
8000
770
295
273
693
0009
403
051
278
268
440
712
411
462
507
289
233
395
327
942
362
314
402
540
291
745
469
678
660
515
549
655
388
550
331
1951
574
510
714
444
960
484
548
356
619
052
030
705
363
591
605
652
263
539
869
580
384
434
512
629
062
1470
476
630
639
875
911
2500
570
341
0008
352
453
787
361
040
1928
718
976
527
283
418
319
313
541
061
779
1976
561
054
13910
029
533
610
870
410
612
552
347
306
522
1946
261
755
996
443
948
596
417
831
070
1981
677
765
1116
847
349
993
409
625
1171
378
723
463
493
930
555
524
922
397
820
603
730
1600
1800
872
394
337
482
537
269
082
830
980
1100
582
0016
429
944
358
379
372
620
355
910
1900
686
1947
2200
764
963
089
498
871
495
746
0006
670
1861
586
617
978
1982
1941
595
321
1986
720
424
3279
809
419
0025
309
532
072
064
7630
812
1087
909
934
576
1950
1930
468
584
751
979
692
9500
088
843
092
795
497
1975
373
578
604
837
702
435
534
564
1081
724
359
431
852
442
658
00004
423
385
486
587
467
1938
614
393
858
464
436
842
6000
528
729
906
509
615
832
448
1300
569
984
489
329
371
496
545
432
455
454
502
673
1082
879
861
0056
333
653
338
421
1931
1691
665
562
091
457
5564
742
439
544
684
607
542
056
981
1977
715
2050
829
633
967
767
717
420
406
0007
636
494
634
864
815
824
690
1270
488
554
933
559
611
1956
506
804
556
456
2185
641
798
339
094
0010
426
1944
2024
940
819
518
6140
632
399
1620
1945
710
2022
919
674
1420
646
529
535
959
1968
780
988
1187
696
1921
628
903
817
834
706
739
685
794
1804
593
093
575
808
679
1983
1177
0015
1948
915
823
783
833
1936
458
387
1017
890
1878
769
1978
1064
616
999
662
1153
449
1072
957
867
1962
735
992
913
2205
563
664
791
466
572
626
407
1450
725
902
078
0042
479
00002
471
697
856
1700
703
475
4500
0045
594
592
853
748
851
758
1035
749
0201
1911
1917
985
20210
567
946
975
068
889
901
709
332
643
382
991
053
560
589
2040
519
031
713
689
3500
1906
059
513
740
1352
866
0095
551
840
1128
483
761
1250
657
1989
801
069
447
1115
1020
827
865
54316
932
8213
465
1144
583
1516
084
627
4300
762
1006
2023
802
599
1004
1929
1248
557
2780
950
5460
806
698
412
682
9000
5075
920
846
623
1023
0259
57695
